P2
2 256
1322
0 1190
1 1151
2 1188
3 1223
4 1156
5 1183
6 1175
7 1209
8 1123
9 1209
10 1144
11 1185
12 1219
13 1240
14 1242
15 1200
16 1183
17 1240
18 1196
19 1196
20 1215
21 1180
22 1240
23 1167
24 1196
25 1220
26 1202
27 1207
28 1196
29 1194
30 1200
31 1205
32 1162
33 1210
34 1241
35 1152
36 1157
37 1193
38 1268
39 1204
40 1244
41 1171
42 1171
43 1183
44 1202
45 1236
46 1161
47 1262
48 1217
49 1232
50 1233
51 1190
52 1192
53 1186
54 1164
55 1211
56 1230
57 1186
58 1155
59 1198
60 1179
61 1175
62 1167
63 1236
64 1204
65 1177
66 1198
67 1153
68 1272
69 1214
70 1125
71 1104
72 1172
73 1234
74 1228
75 1211
76 1204
77 1238
78 1176
79 1184
80 1160
81 1197
82 1208
83 1192
84 1170
85 1157
86 1195
87 1181
88 1179
89 1180
90 1204
91 1195
92 1229
93 1176
94 1097
95 1232
96 1203
97 1199
98 1179
99 1123
100 1190
101 1215
102 1215
103 1203
104 1245
105 1262
106 1239
107 1191
108 1213
109 1234
110 1201
111 1166
112 1152
113 1133
114 1182
115 1193
116 1322
117 1145
118 1218
119 1199
120 1204
121 1156
122 1188
123 1170
124 1194
125 1232
126 1175
127 1226
128 1259
129 1245
130 1230
131 1215
132 1235
133 1232
134 1197
135 1172
136 1214
137 1208
138 1200
139 1176
140 1235
141 1218
142 1177
143 1204
144 1253
145 1235
146 1172
147 1200
148 1153
149 1218
150 1190
151 1173
152 1249
153 1265
154 1242
155 1210
156 1196
157 1169
158 1207
159 1154
160 1239
161 1235
162 1270
163 1190
164 1197
165 1156
166 1223
167 1175
168 1230
169 1222
170 1137
171 1200
172 1176
173 1162
174 1255
175 1222
176 1176
177 1219
178 1178
179 1174
180 1241
181 1196
182 1200
183 1154
184 1202
185 1217
186 1160
187 1166
188 1229
189 1258
190 1194
191 1214
192 1200
193 1169
194 1176
195 1251
196 1205
197 1197
198 1154
199 1178
200 1167
201 1187
202 1209
203 1227
204 1243
205 1230
206 1187
207 1137
208 1161
209 1225
210 1191
211 1227
212 1262
213 1227
214 1212
215 1184
216 1178
217 1142
218 1182
219 1236
220 1222
221 1220
222 1217
223 1211
224 1174
225 1228
226 1267
227 1175
228 1210
229 1199
230 1280
231 1224
232 1184
233 1172
234 1158
235 1200
236 1107
237 1231
238 1247
239 1212
240 1162
241 1288
242 1187
243 1201
244 1189
245 1165
246 1269
247 1207
248 1218
249 1201
250 1200
251 1200
252 1144
253 1178
254 1300
255 1184
